{'n_steps': 7917,
 'gamma': 0.8148319613766952,
 'learning_rate': 1.1494222672968137e-05,
 'clip_range': 0.11454224768088915,
 'gae_lambda': 0.9747187305774679,
 'ent_coef': 0.007806731954039324}